20
73 26
5 8 4 54214
218492221 46085
3 7 1 999969453
232959116 56689
4 9 1 999903057
1000000000 1
12 7 74 12
45068754 29153
2 9 5 999904402
59 26
14 19 681 59
186 75
68 16 539 186
97 39
34 37 656 97
66 39
35 2 589 66
22 21
1 4 869 22
977365070 59489
8 5 9 999966210
164 96
76 2 193 164
78 51
3 5 5 51230
714311129 39521
9 5 9 999998192
1000000000 100000
100000 1 0 1000000000
1000000000 100000
999999999 1 999999999 1000000000
110 53
7 7 1 64417
82 81
58 56 739 82
137 49
48 17 461 137
1000000000 100000
1 1 1 1000000000